1 0 0
2 -14 -25
3 29 -8
4 43 19
5 -18 44
6 10 -26
7 -18 -13
8 18 -8
9 -30 33
10 8 -44
11 2 -45
12 16 46
13 32 16
14 7 -29
15 -18 -8
16 -33 -34
17 12 -9
18 -15 18
19 13 -29
20 22 12
21 17 29
22 5 29
23 8 23
24 39 -14
25 -8 -13
26 -7 -31
27 7 1
28 -2 14
29 44 14
30 4 -25
31 -20 -7
32 -25 -5
33 -27 17
34 28 -30
35 -16 38
36 -15 -2
37 -41 -1
38 -22 -15
39 36 -16
40 17 23
41 36 -24
42 25 10
43 -4 48
44 -46 -1
45 40 18
46 -6 5
47 -6 -25
48 -13 -3
49 5 -16
50 3 36
51 23 37
52 26 16
53 32 -35
54 14 41
55 24 39
56 31 -29
57 -25 -19
58 12 41
59 37 0
60 1 19
61 24 10
62 -31 16
63 31 -34
64 3 -4
65 -23 4
66 2 47
67 44 4
68 -10 25
69 -30 -34
70 19 -28
71 22 36
72 -13 25
73 15 -4
74 36 -30
75 -33 -36
76 -15 -35
77 17 -33
78 10 -31
79 -10 28
80 18 -39
81 2 36
82 -32 18
83 25 -21
84 -26 29
85 30 8
86 37 -14
87 14 -12
88 33 -7
89 -37 30
90 9 -35
91 21 -34
92 11 33
93 -24 -32
94 30 5
95 -22 -7
96 -22 -30
97 38 -19
98 -17 19
99 -42 -18
100 -12 4
101 10 41
102 -42 -23
103 -17 -34
104 -10 9
105 0 26
106 13 29
107 -19 16
108 9 4
109 -9 -15
110 8 27
111 -5 13
112 12 30
113 -20 -26
114 -35 35
115 13 3
116 -43 12
117 -38 -16
118 -23 44
119 25 -34
120 -20 5
121 -13 -24
122 20 -43
123 -16 18
124 2 10
125 -27 39
126 26 -21
127 33 12
128 7 46
129 -18 31
130 2 17
131 20 -4
132 -1 35
133 -3 11
134 -16 45
135 14 31
136 41 -15
137 14 12
138 -16 37
139 -8 25
140 39 -10
141 4 13
142 18 -20
143 -42 -21
144 -27 35
145 -26 -16
146 -31 -22
147 -2 11
148 33 30
149 -7 6
150 3 -14
151 4 -44
152 -21 -35
153 48 -4
154 -16 28
155 -45 13
156 36 32
157 -40 17
158 -42 -27
159 -16 -34
160 48 6
161 -40 -17
162 -34 -4
163 21 21
164 -18 -26
165 41 -14
166 29 -19
167 -21 37
168 -17 44
169 1 43
170 -15 -1
171 1 -7
172 36 13
173 39 28
174 -39 -18
175 -41 -7
176 40 7
177 -27 -39
178 6 44
179 -13 -22
180 25 -33
181 37 16
182 -18 43
183 43 9
184 -11 -2
185 -16 22
186 -1 -39
187 -24 15
188 28 2
189 -13 40
190 3 47
191 11 -5
192 13 -9
193 -33 -4
194 -21 -29
195 9 -3
196 7 19
197 -30 38
198 39 13
199 -11 33
200 386 40
201 -173 -115
202 -60 380
203 -417 -403
204 -199 -372
205 -487 -225
206 -14 -280
207 -425 -440
208 -482 -246
209 -87 309
210 183 318
211 -92 -338
212 400 -444
213 76 -448
214 35 333
215 -62 -229
216 55 -486
217 -223 -480
218 -112 328
219 -256 -193
220 182 -256
221 77 354
222 500 140
223 -417 142
224 349 232
225 -241 368
226 200 -428
227 437 118
228 390 204
229 -122 451
230 62 338
231 427 16
232 166 229
233 -144 334
234 70 174
235 -85 -386
236 165 364
237 282 -5
238 -500 -43
239 157 -213
240 419 -426
241 368 -296
242 -236 -188
243 -418 -52
244 187 280
245 -306 -239
246 -221 282
247 -295 291
248 252 455
249 391 -50
