1 0 0
2 39 45
3 1 13
4 2 11
5 43 16
6 26 37
7 11 39
8 49 47
9 21 34
10 28 50
11 44 36
12 11 10
13 27 34
14 42 36
15 31 3
16 6 1
17 31 27
18 43 30
19 3 46
20 37 17
21 33 35
22 26 44
23 9 44
24 33 5
25 10 32
26 46 30
27 5 47
28 40 40
29 46 5
30 28 31
31 36 30
32 39 49
33 47 23
34 40 31
35 41 50
36 49 17
37 11 40
38 6 27
39 48 36
40 39 22
41 21 8
42 3 42
43 43 15
44 22 47
45 19 11
46 23 29
47 7 9
48 23 30
49 2 9
50 25 50
51 49 34
52 23 26
53 33 1
54 29 35
55 7 38
56 7 13
57 7 45
58 36 42
59 16 9
60 32 9
61 8 23
62 17 34
63 27 4
64 47 11
65 25 26
66 16 18
67 22 13
68 31 41
69 34 6
70 20 4
71 9 50
72 7 22
73 32 8
74 29 13
75 47 33
76 37 14
77 34 30
78 24 40
79 31 47
80 7 19
81 7 47
82 1 7
83 21 4
84 5 29
85 5 25
86 0 14
87 17 22
88 35 9
89 27 36
90 1 20
91 40 19
92 18 1
93 48 13
94 42 45
95 34 9
96 30 12
97 38 8
98 23 43
99 26 41
100 30 192
101 157 89
102 176 147
103 109 124
104 165 181
105 197 139
106 168 103
107 164 120
108 133 78
109 157 56
110 4 196
111 154 30
112 127 113
113 173 35
114 164 91
115 186 56
116 140 192
117 29 176
118 163 91
119 36 195
120 67 141
121 173 29
122 129 87
123 178 46
124 153 96
125 71 163
126 78 146
127 184 144
128 77 176
129 156 71
130 194 192
131 144 150
132 186 126
133 162 88
134 148 46
135 106 147
136 189 145
137 127 100
138 144 90
139 172 33
140 49 181
141 68 168
142 52 192
143 65 185
144 167 8
145 193 18
146 130 194
147 173 103
148 150 160
149 154 16
150 139 175
151 187 2
152 134 131
153 168 61
154 26 190
155 154 129
156 146 35
157 154 157
158 69 152
159 191 83
160 169 185
161 98 122
162 183 73
163 167 67
164 197 3
165 175 77
166 114 180
167 142 81
168 51 187
169 63 147
170 107 165
171 188 166
172 180 181
173 165 178
174 78 182
175 182 192
176 78 165
177 114 115
178 159 110
179 168 193
180 171 137
181 160 160
182 172 152
183 173 37
184 43 159
185 156 36
186 160 62
187 175 139
188 154 151
189 92 184
190 136 194
191 172 78
192 147 97
193 85 126
194 171 110
195 90 159
196 194 176
197 171 190
198 184 158
199 145 52
200 192 180
201 114 198
202 159 30
203 187 77
204 195 58
205 160 68
206 195 60
207 164 98
208 18 175
209 30 149
210 163 3
211 154 170
212 143 124
213 165 141
214 155 134
215 110 112
216 189 147
217 28 172
218 190 25
219 178 157
220 152 11
221 161 146
222 190 72
223 190 150
224 179 129
225 139 146
226 79 165
227 169 99
228 191 22
229 195 22
230 119 115
231 167 134
232 143 122
233 108 122
234 84 200
235 104 121
236 171 27
237 74 174
238 109 197
239 89 196
240 197 70
241 197 148
242 186 117
243 14 152
244 45 189
245 172 115
246 192 47
247 183 123
248 198 184
249 63 154
250 147 93
251 92 151
252 94 165
253 149 66
254 76 157
255 179 158
256 161 183
257 170 24
258 190 151
259 158 99
260 165 76
261 159 68
262 167 158
263 117 136
264 136 182
265 167 53
266 142 176
267 126 93
268 198 4
269 172 195
270 118 188
271 158 43
272 44 153
273 149 34
274 38 148
275 129 166
276 65 194
277 83 184
278 76 130
279 187 136
280 147 111
281 83 143
282 142 128
283 86 188
284 180 118
285 112 157
286 176 98
287 155 174
288 193 170
289 168 78
290 134 136
291 55 152
292 124 95
293 136 124
294 102 143
295 54 188
296 178 197
297 175 116
298 181 176
299 2 181
