1 0 0
2 100 0
3 0 100
4 -100 0
5 0 -100
6 -9 113
7 19 -130
8 79 -10
9 -101 -16
10 -95 -24
11 76 8
12 -35 102
13 105 16
14 -103 26
15 -100 34
16 68 12
17 -93 28
18 36 -100
19 -123 5
20 -114 -6
21 119 -14
22 -70 14
23 15 130
24 -26 -97
25 74 5
26 -18 -85
27 9 107
28 -121 14
29 34 105
30 29 -83
31 19 -94
32 88 14
33 106 -16
34 104 5
35 -14 120
36 75 -15
37 36 -87
38 104 8
39 -1 -134
40 -110 20
41 110 29
42 15 -127
43 -81 -35
44 -26 75
45 111 27
46 90 -20
47 -26 102
48 106 -10
49 108 21
50 -128 25
51 -17 120
52 -26 100
53 9 -130
54 4 -89
55 122 -33
56 -113 17
57 109 -36
58 -122 -18
59 17 109
60 -15 99
61 -124 -7
62 -6 116
63 29 -90
64 79 -12
65 68 -13
66 38 -102
67 21 82
68 -81 18
69 -5 139
70 -31 -109
71 -2 126
72 -3 128
73 -126 -28
74 80 -27
75 74 -8
76 -18 87
77 -94 24
78 -26 108
79 123 21
80 -4 -111
81 72 -5
82 81 31
83 20 -123
84 -15 -131
85 -22 88
86 1 122
87 35 103
88 -81 27
89 -12 -105
90 14 -134
91 21 -90
92 73 -9
93 71 -12
94 110 21
95 100 -10
96 -10 132
97 -113 6
98 94 -4
99 -104 1
100 -29 98
101 -111 -30
102 4 -114
103 -38 -105
104 -4 86
105 -70 -11
106 -132 8
107 32 -109
108 -111 -31
109 -99 -7
110 16 128
111 -14 107
112 21 76
113 105 -4
114 4 -76
115 114 -20
116 101 16
117 -33 -91
118 -131 18
119 3 118
120 2 63
121 11 69
122 11 -81
123 -20 91
124 100 21
125 84 20
126 118 -34
127 -68 -13
128 16 77
129 85 28
130 -28 -77
131 -11 -117
132 0 -139
133 37 -92
134 -96 20
135 -83 -23
136 72 -14
137 -28 -78
138 82 27
139 -63 10
140 30 126
141 -90 18
142 -85 0
143 -109 -16
144 131 -9
145 36 -96
146 -33 111
147 -13 -117
148 21 121
149 18 -71
150 24 71
151 98 -31
152 -25 -103
153 23 -68
154 -27 96
155 19 68
156 2 86
157 82 34
158 131 21
159 -24 79
160 5 -65
161 -90 -9
162 -21 -68
163 -30 -76
164 126 -24
165 -14 112
166 -25 76
167 29 -94
168 -6 -120
169 -10 128
170 132 16
171 -112 -31
172 16 76
173 -30 112
174 -36 111
175 25 -129
176 83 12
177 0 -71
178 124 -24
179 32 -94
180 -14 -76
181 -1 -63
182 124 -10
183 126 -7
184 -34 -99
185 9 -113
186 -30 75
187 5 -94
188 11 99
189 12 -125
190 -6 -125
191 -11 -66
192 -22 93
193 12 67
194 -126 25
195 7 96
196 -22 -84
197 77 -16
198 -7 70
199 -29 -122
200 -28 105
201 -73 1
202 114 31
203 -27 -73
204 -3 115
205 -21 91
206 0 107
207 -79 32
208 -26 -115
209 99 38
210 12 -63
211 -94 4
212 -29 -120
213 27 106
214 127 13
215 -130 13
216 23 -126
217 99 13
218 -98 -17
219 -4 -128
220 115 -33
221 130 -18
222 -93 25
223 114 33
224 109 20
225 -4 77
226 -28 -106
227 -23 -110
228 -107 -37
229 -2 -73
230 -20 -107
231 85 34
232 28 -109
233 2 -118
234 -19 -77
235 102 -5
236 -13 118
237 -80 0
238 95 -13
239 -29 75
240 4 -65
241 31 -96
242 3 102
243 -32 -77
244 -7 -129
245 70 -9
246 24 -81
247 -93 33
248 116 -35
249 -3 -118
250 27 -106
251 3 -76
252 -17 122
253 -23 -128
254 -8 -124
255 118 6
256 4 129
257 -4 92
258 15 -137
259 -86 -36
260 80 7
261 -32 -107
262 -6 119
263 -9 87
264 -66 9
265 6 131
266 8 -115
267 23 -115
268 -30 109
269 -32 -89
270 -98 19
271 8 93
272 -73 28
273 -64 -14
274 -19 134
275 -2 -105
276 119 13
277 -22 79
278 -120 20
279 -33 88
280 81 15
281 128 13
282 72 19
283 -15 -111
284 119 0
285 -128 -8
286 -21 111
287 -17 -98
288 -7 113
289 71 15
290 20 102
291 124 5
292 -4 89
293 18 -102
294 -85 20
295 -76 22
296 25 105
297 -109 36
298 70 7
299 -81 0
300 -15 -137
301 -35 96
302 16 114
303 127 23
304 -96 7
305 -24 -115
306 -81 14
307 -25 -124
308 -79 33
309 1 -93
310 -23 -104
311 109 -5
312 -32 82
313 38 103
314 66 14
315 -136 -12
316 -23 -108
317 117 -25
318 -27 73
319 21 -80
320 90 -13
321 8 -127
322 -80 -24
323 -84 -20
324 108 5
325 -5 -80
326 -28 77
327 -12 -94
328 129 10
329 -13 -82
330 2 108
331 88 9
332 -19 -93
333 81 -20
334 -7 -88
335 -33 -78
336 10 84
337 125 26
338 -13 -68
339 120 18
340 -88 -30
341 100 -18
342 31 102
343 12 -70
344 -26 82
345 23 101
346 -5 113
347 90 13
348 128 27
349 -13 -107
350 -113 -10
351 -91 7
352 -122 23
353 80 -14
354 15 -68
355 131 5
356 -35 -95
357 -35 -98
358 -3 -115
359 -109 26
360 124 -5
361 73 -7
362 118 24
363 31 -118
364 34 -87
365 67 5
366 28 -127
367 81 3
368 17 94
369 89 -21
370 93 37
371 85 -17
372 28 -94
373 -126 6
374 -75 -13
375 -100 -28
376 29 -82
377 128 18
378 97 -24
379 4 -134
380 -19 -87
381 67 -14
382 11 131
383 -104 0
384 27 127
385 -17 125
386 -12 -82
387 -100 2
388 -121 -15
389 28 -92
390 8 -94
391 9 128
392 -102 9
393 -131 15
394 11 114
395 106 27
396 26 116
397 6 79
398 -15 -71
399 123 4
400 17 -75
401 86 11
402 -23 119
403 39 -108
404 -31 104
405 3 99
406 -31 77
407 13 -135
408 120 -24
409 -25 -91
410 33 -95
411 -116 -8
412 -108 -3
413 118 3
414 -6 -92
415 96 27
416 -90 17
417 111 1
418 127 7
419 133 -17
420 116 20
421 131 25
422 6 66
423 -36 112
424 3 85
425 -37 -89
426 -105 -13
427 -5 77
428 -122 29
429 84 -12
430 12 98
431 128 20
432 83 28
433 24 -125
434 -27 -79
435 1 136
436 -127 26
437 -73 -20
438 -26 -111
439 25 -79
440 -4 135
441 -19 113
442 106 31
443 17 116
444 4 94
445 92 -10
446 -34 96
447 19 -70
448 -136 -4
449 -78 -28
450 -32 -97
451 123 -8
452 -12 -119
453 30 95
454 -36 83
455 -9 135
456 15 -89
457 116 -28
458 5 -67
459 -101 39
460 83 1
461 15 -126
462 18 -84
463 -25 102
464 21 128
465 -36 -116
466 136 -12
467 -16 121
468 -2 108
469 -107 7
470 -136 2
471 -111 -35
472 104 15
473 -9 -91
474 13 -119
475 81 27
476 -14 72
477 130 -9
478 10 -82
479 -9 -65
480 131 -17
481 10 -72
482 -128 -21
483 119 21
484 -121 33
485 105 2
486 0 73
487 -20 -124
488 7 104
489 101 -14
490 -100 -8
491 -16 94
492 -97 -5
493 78 -23
494 139 7
495 -71 3
496 108 24
497 -113 -23
498 -4 110
499 -137 10
500 93 -34
501 28 -122
502 -103 16
503 39 95
504 -94 1
505 100 16
506 -7 -133
507 100 23
508 88 5
509 98 -5
510 74 13
511 -30 -93
512 76 25
513 -2 -124
514 70 -16
515 -117 -2
516 100 -37
517 6 99
518 15 -71
519 -27 109
520 27 -100
521 91 8
522 -24 -128
523 91 -34
524 -72 4
525 21 92
526 -20 -118
527 104 -20
528 -33 -113
529 -1 72
530 96 -19
531 2 -64
532 -32 95
533 94 -22
534 -74 -20
535 9 110
536 -10 85
537 -116 32
538 -78 -21
539 1 -68
540 120 29
541 -8 -118
542 138 -3
543 15 105
544 -1 62
545 80 -2
546 101 35
547 85 -14
548 -107 18
549 28 92
550 64 5
551 -102 -7
552 -15 93
553 -92 -30
554 -124 -26
555 14 110
556 121 -33
557 -72 28
558 93 35
559 6 70
560 35 102
561 1 105
562 -106 7
563 32 103
564 66 2
565 -105 -12
566 91 -24
567 122 22
568 -90 6
569 30 81
570 4 132
571 -121 20
572 -91 4
573 -29 124
574 -102 28
575 -103 14
576 6 84
577 -2 114
578 10 116
579 33 116
580 -109 -24
581 -13 136
582 15 123
583 -107 -22
584 29 90
585 -133 -21
586 -66 20
587 -1 129
588 -6 109
589 19 107
590 -86 -1
591 -61 8
592 -115 -26
593 -120 17
594 -120 -16
595 -79 -29
596 -86 3
597 -134 -1
598 -77 -16
599 -79 -18
