1 0 0
2 100 0
3 68 2
4 74 12
5 137 5
6 104 38
7 74 19
8 112 5
9 128 28
10 103 32
11 102 21
12 112 10
13 110 36
14 99 37
15 115 29
16 104 1
17 83 12
18 77 30
19 121 3
20 73 21
21 117 18
22 115 6
23 95 21
24 131 17
25 73 22
26 86 6
27 75 6
28 132 7
29 98 36
30 101 34
31 80 3
32 109 16
33 109 2
34 97 9
35 108 24
36 109 4
37 112 29
38 78 16
39 119 32
40 106 25
41 112 21
42 83 19
43 111 2
44 97 28
45 136 8
46 118 10
47 86 35
48 84 0
49 85 17
50 83 33
51 110 9
52 88 12
53 101 36
54 100 16
55 117 6
56 99 0
57 112 4
58 69 6
59 84 17
60 123 11
61 129 26
62 138 3
63 118 28
64 65 6
65 134 21
66 92 33
67 84 36
68 104 25
69 138 9
70 126 12
71 120 4
72 85 8
73 86 7
74 69 2
75 129 18
76 134 10
77 81 6
78 101 27
79 111 7
80 115 10
81 93 14
82 97 1
83 116 9
84 98 26
85 99 9
86 102 37
87 117 8
88 90 23
89 102 2
90 107 29
91 82 11
92 91 33
93 80 5
94 136 16
95 64 15
96 79 20
97 69 22
98 77 2
99 96 34
100 132 3
101 74 18
102 134 17
103 103 17
104 120 23
105 105 5
106 73 19
107 109 27
108 99 7
109 112 0
110 125 9
111 124 6
112 82 32
113 96 26
114 71 17
115 88 26
116 91 8
117 98 30
118 135 1
119 128 16
120 132 20
121 105 22
122 135 3
123 91 9
124 93 36
125 118 9
126 107 33
127 107 31
128 79 22
129 124 7
130 135 11
131 100 38
132 122 7
133 87 21
134 88 22
135 137 15
136 114 37
137 117 7
138 90 11
139 130 0
140 106 1
141 93 8
142 75 29
143 65 2
144 110 19
145 91 5
146 93 15
147 118 11
148 134 12
149 98 17
150 85 27
151 85 26
152 93 7
153 117 30
154 77 24
155 115 20
156 101 25
157 93 17
158 96 17
159 110 4
160 130 4
161 74 24
162 115 7
163 89 23
164 107 9
165 109 23
166 104 37
167 81 14
168 121 28
169 76 23
170 111 1
171 96 25
172 67 17
173 84 11
174 124 2
175 114 31
176 102 3
177 131 6
178 113 19
179 131 16
180 104 16
181 112 34
182 83 22
183 63 15
184 108 35
185 73 20
186 100 10
187 98 10
188 78 22
189 99 19
190 120 8
191 78 24
192 66 3
193 80 25
194 77 1
195 85 12
196 80 12
197 127 10
198 67 21
199 111 25
